[('freelearning', 147), ('python', 133), ('botw', 74), ('devops', 73), ('machinelearning', 73), ('datascience', 65), ('packt5dollar', 61), ('blockchain', 47), ('ai', 41), ('webdevelopment', 37)]
<class 'list'>
0:('freelearning', 147)
1:('python', 133)
2:('botw', 74)
3:('devops', 73)
4:('machinelearning', 73)
5:('datascience', 65)
6:('packt5dollar', 61)
7:('blockchain', 47)
8:('ai', 41)
9:('webdevelopment', 37)
{0, 1, 2, 3, 4, 5, 6, 7, 8, 9}
9
1:[0, 0, 0, 0, 0, 0, 0, 0, 1, 0]
5:[0, 1, 0, 0, 0, 0, 0, 0, 0, 0]
8:[0, 0, 1, 0, 0, 0, 0, 0, 0, 0]
17:[1, 1, 0, 0, 0, 0, 0, 0, 0, 0]
17:[1, 1, 0, 0, 0, 0, 0, 0, 0, 0]
31:[0, 1, 0, 0, 0, 0, 0, 0, 0, 0]
38:[1, 1, 0, 0, 0, 0, 0, 0, 0, 0]
38:[1, 1, 0, 0, 0, 0, 0, 0, 0, 0]
40:[0, 0, 1, 0, 0, 0, 0, 0, 0, 0]
45:[0, 1, 0, 0, 0, 0, 0, 0, 0, 0]
46:[0, 1, 0, 0, 0, 0, 0, 0, 0, 0]
50:[0, 1, 0, 0, 0, 0, 0, 0, 0, 0]
52:[0, 0, 1, 0, 0, 0, 0, 0, 0, 0]
71:[0, 1, 0, 0, 0, 0, 0, 0, 0, 0]
75:[0, 0, 1, 0, 0, 0, 0, 0, 0, 0]
84:[0, 1, 1, 0, 0, 0, 0, 0, 0, 0]
84:[0, 1, 1, 0, 0, 0, 0, 0, 0, 0]
92:[0, 1, 0, 0, 0, 0, 0, 0, 0, 0]
93:[0, 0, 0, 0, 0, 0, 0, 0, 1, 0]
104:[1, 0, 0, 0, 0, 0, 0, 0, 0, 0]
105:[0, 1, 0, 0, 0, 0, 0, 0, 0, 0]
106:[0, 1, 1, 0, 0, 0, 0, 0, 0, 0]
106:[0, 1, 1, 0, 0, 0, 0, 0, 0, 0]
112:[0, 1, 0, 0, 0, 0, 0, 0, 0, 0]
113:[0, 0, 0, 0, 0, 0, 0, 0, 1, 0]
116:[1, 0, 0, 0, 0, 0, 0, 0, 0, 0]
123:[1, 0, 0, 0, 1, 0, 0, 0, 0, 0]
123:[1, 0, 0, 0, 1, 0, 0, 0, 0, 0]
125:[0, 1, 1, 0, 0, 0, 0, 0, 0, 0]
125:[0, 1, 1, 0, 0, 0, 0, 0, 0, 0]
130:[0, 1, 0, 0, 0, 0, 0, 0, 0, 0]
134:[0, 1, 0, 0, 0, 0, 0, 0, 0, 0]
135:[0, 0, 0, 0, 0, 0, 0, 0, 1, 0]
149:[1, 0, 0, 0, 1, 0, 0, 0, 0, 0]
149:[1, 0, 0, 0, 1, 0, 0, 0, 0, 0]
157:[0, 1, 0, 0, 0, 0, 0, 0, 0, 0]
159:[1, 1, 0, 0, 0, 0, 0, 0, 0, 0]
159:[1, 1, 0, 0, 0, 0, 0, 0, 0, 0]
160:[0, 1, 0, 0, 0, 0, 0, 0, 0, 0]
162:[0, 1, 1, 0, 0, 0, 0, 0, 0, 0]
162:[0, 1, 1, 0, 0, 0, 0, 0, 0, 0]
168:[0, 1, 0, 0, 0, 0, 0, 0, 0, 0]
175:[0, 1, 0, 0, 0, 0, 0, 0, 0, 0]
177:[0, 0, 0, 0, 0, 0, 0, 0, 1, 0]
182:[1, 1, 0, 0, 0, 0, 0, 0, 0, 0]
182:[1, 1, 0, 0, 0, 0, 0, 0, 0, 0]
190:[0, 1, 0, 0, 0, 0, 0, 0, 0, 0]
194:[0, 0, 0, 0, 1, 0, 0, 0, 0, 0]
195:[0, 1, 0, 0, 1, 0, 0, 0, 1, 0]
195:[0, 1, 0, 0, 1, 0, 0, 0, 1, 0]
195:[0, 1, 0, 0, 1, 0, 0, 0, 1, 0]
196:[0, 1, 1, 0, 0, 0, 0, 0, 0, 0]
196:[0, 1, 1, 0, 0, 0, 0, 0, 0, 0]
205:[0, 1, 0, 0, 0, 0, 0, 0, 0, 0]
207:[0, 0, 0, 0, 0, 0, 0, 0, 1, 0]
214:[0, 0, 0, 0, 1, 0, 0, 0, 0, 0]
215:[0, 0, 0, 0, 0, 0, 0, 0, 1, 0]
223:[0, 1, 1, 0, 0, 0, 0, 0, 0, 0]
223:[0, 1, 1, 0, 0, 0, 0, 0, 0, 0]
239:[0, 1, 0, 0, 0, 0, 0, 0, 0, 0]
241:[0, 0, 0, 0, 0, 0, 0, 0, 1, 0]
258:[0, 0, 0, 0, 1, 0, 0, 0, 0, 0]
260:[0, 1, 1, 0, 0, 0, 0, 0, 0, 0]
260:[0, 1, 1, 0, 0, 0, 0, 0, 0, 0]
271:[0, 1, 0, 0, 0, 0, 0, 0, 0, 0]
272:[0, 0, 0, 0, 0, 0, 0, 0, 1, 0]
289:[1, 0, 0, 0, 0, 0, 0, 0, 0, 0]
290:[0, 0, 0, 0, 0, 0, 0, 1, 0, 0]
292:[0, 0, 1, 0, 0, 0, 0, 0, 0, 0]
297:[1, 0, 0, 0, 0, 0, 0, 0, 0, 0]
298:[0, 0, 0, 1, 0, 0, 0, 0, 0, 0]
301:[0, 0, 1, 0, 0, 0, 0, 0, 0, 0]
304:[0, 0, 0, 0, 0, 0, 0, 1, 0, 0]
307:[1, 0, 0, 0, 0, 0, 0, 0, 0, 0]
310:[0, 0, 1, 0, 0, 0, 0, 0, 0, 0]
318:[1, 0, 0, 0, 0, 0, 0, 0, 0, 0]
322:[0, 0, 1, 0, 0, 0, 0, 0, 0, 0]
330:[0, 0, 0, 1, 0, 0, 0, 0, 0, 0]
331:[0, 0, 0, 0, 1, 0, 0, 0, 0, 0]
332:[0, 0, 1, 0, 0, 0, 0, 0, 0, 0]
338:[1, 0, 0, 0, 0, 0, 0, 0, 0, 0]
342:[0, 0, 1, 0, 0, 0, 0, 0, 0, 0]
345:[0, 0, 0, 1, 0, 0, 0, 0, 0, 0]
351:[1, 0, 0, 0, 0, 0, 0, 0, 0, 0]
353:[0, 0, 1, 0, 0, 0, 0, 0, 0, 0]
366:[0, 0, 1, 0, 0, 0, 0, 0, 0, 0]
368:[0, 1, 0, 0, 0, 0, 0, 0, 0, 0]
374:[0, 0, 0, 0, 1, 0, 0, 0, 0, 0]
375:[0, 1, 0, 0, 0, 0, 0, 0, 0, 0]
381:[0, 0, 1, 0, 0, 0, 0, 0, 0, 0]
386:[0, 1, 0, 0, 0, 0, 0, 0, 0, 0]
390:[1, 0, 0, 1, 0, 0, 0, 0, 0, 0]
390:[1, 0, 0, 1, 0, 0, 0, 0, 0, 0]
392:[0, 0, 1, 0, 0, 0, 0, 0, 0, 0]
394:[0, 0, 0, 0, 1, 0, 0, 0, 0, 0]
399:[0, 0, 0, 1, 0, 0, 0, 0, 0, 0]
400:[0, 0, 0, 0, 1, 0, 0, 0, 0, 0]
404:[0, 0, 1, 0, 0, 0, 0, 0, 0, 0]
406:[0, 1, 0, 0, 0, 0, 0, 0, 1, 0]
406:[0, 1, 0, 0, 0, 0, 0, 0, 1, 0]
410:[0, 0, 0, 0, 1, 0, 0, 0, 0, 0]
412:[1, 0, 0, 1, 0, 0, 0, 0, 0, 0]
412:[1, 0, 0, 1, 0, 0, 0, 0, 0, 0]
412:[1, 0, 0, 1, 0, 0, 0, 0, 0, 0]
413:[0, 0, 0, 0, 0, 0, 0, 0, 1, 0]
418:[0, 0, 1, 0, 0, 0, 0, 0, 0, 0]
420:[0, 1, 0, 0, 0, 0, 0, 0, 0, 0]
423:[0, 0, 0, 1, 0, 0, 0, 0, 0, 0]
427:[1, 0, 0, 0, 0, 0, 0, 0, 0, 0]
434:[0, 0, 0, 0, 0, 0, 0, 0, 1, 0]
442:[0, 0, 0, 0, 0, 0, 0, 0, 1, 0]
447:[1, 0, 0, 0, 0, 0, 0, 0, 0, 0]
451:[0, 0, 0, 0, 0, 0, 0, 0, 1, 0]
464:[0, 0, 0, 0, 0, 0, 0, 0, 1, 0]
470:[0, 0, 0, 0, 0, 0, 0, 0, 1, 0]
480:[0, 0, 1, 0, 0, 0, 0, 0, 0, 0]
480:[0, 0, 1, 0, 0, 0, 0, 0, 0, 0]
488:[0, 0, 0, 0, 0, 0, 0, 0, 1, 0]
489:[0, 1, 0, 0, 0, 0, 0, 0, 0, 0]
503:[0, 0, 0, 0, 0, 0, 0, 0, 1, 0]
509:[0, 0, 1, 0, 0, 0, 0, 0, 1, 0]
509:[0, 0, 1, 0, 0, 0, 0, 0, 1, 0]
510:[0, 0, 0, 0, 0, 0, 0, 0, 1, 0]
515:[0, 0, 0, 0, 0, 0, 0, 0, 1, 0]
520:[0, 0, 1, 0, 0, 0, 0, 0, 0, 0]
520:[0, 0, 1, 0, 0, 0, 0, 0, 0, 0]
525:[1, 0, 0, 0, 0, 0, 0, 0, 0, 0]
549:[0, 0, 0, 0, 1, 0, 0, 0, 0, 0]
550:[0, 0, 0, 1, 0, 0, 0, 0, 0, 0]
572:[0, 0, 0, 0, 1, 0, 0, 0, 0, 0]
595:[0, 1, 0, 0, 0, 0, 0, 0, 0, 0]
600:[0, 0, 0, 0, 1, 0, 0, 0, 0, 0]
628:[0, 0, 0, 0, 1, 0, 0, 0, 0, 0]
631:[0, 0, 0, 0, 1, 0, 0, 0, 0, 0]
648:[0, 0, 0, 0, 1, 0, 0, 0, 0, 0]
672:[0, 0, 0, 0, 1, 0, 0, 0, 0, 0]
697:[0, 0, 0, 0, 1, 0, 0, 0, 0, 0]
712:[1, 0, 0, 0, 0, 0, 0, 0, 0, 0]
713:[0, 0, 0, 0, 1, 0, 0, 0, 0, 0]
717:[1, 0, 0, 0, 0, 0, 0, 0, 0, 0]
726:[0, 0, 0, 0, 1, 0, 0, 0, 0, 0]
731:[1, 0, 0, 0, 0, 0, 0, 0, 0, 0]
737:[1, 0, 0, 0, 0, 0, 0, 0, 0, 0]
740:[1, 0, 0, 0, 0, 0, 0, 0, 0, 0]
744:[0, 0, 0, 0, 0, 1, 0, 0, 0, 0]
746:[1, 0, 0, 0, 0, 0, 0, 0, 0, 0]
750:[0, 0, 1, 0, 0, 0, 0, 0, 0, 0]
754:[1, 0, 0, 0, 0, 0, 0, 0, 0, 0]
775:[0, 0, 1, 0, 0, 0, 0, 0, 0, 0]
785:[0, 0, 0, 1, 0, 0, 0, 0, 0, 0]
789:[1, 0, 0, 0, 0, 0, 0, 0, 0, 0]
797:[1, 0, 0, 0, 0, 0, 0, 0, 0, 0]
800:[0, 0, 0, 1, 0, 0, 0, 0, 0, 0]
802:[0, 0, 0, 0, 0, 0, 0, 1, 0, 0]
808:[1, 0, 0, 0, 0, 0, 0, 0, 0, 0]
829:[0, 1, 0, 0, 0, 0, 0, 0, 0, 0]
833:[0, 0, 0, 0, 0, 1, 0, 0, 0, 0]
845:[0, 1, 0, 0, 0, 0, 0, 0, 0, 0]
847:[1, 0, 0, 0, 0, 1, 0, 0, 0, 0]
847:[1, 0, 0, 0, 0, 1, 0, 0, 0, 0]
856:[0, 0, 0, 0, 0, 1, 0, 0, 0, 0]
862:[0, 0, 1, 0, 0, 0, 0, 0, 0, 0]
867:[1, 0, 0, 0, 0, 0, 0, 0, 0, 0]
873:[0, 0, 1, 0, 0, 0, 0, 0, 0, 0]
879:[1, 0, 0, 0, 0, 0, 0, 0, 0, 0]
892:[0, 0, 1, 0, 0, 0, 0, 0, 0, 0]
894:[0, 0, 0, 0, 0, 1, 0, 0, 0, 0]
899:[1, 0, 0, 0, 0, 0, 0, 0, 0, 0]
902:[0, 0, 0, 0, 0, 0, 0, 1, 0, 0]
903:[0, 0, 1, 0, 0, 0, 0, 0, 0, 0]
909:[1, 0, 0, 0, 0, 0, 0, 0, 0, 0]
916:[0, 0, 0, 0, 0, 0, 0, 1, 0, 0]
920:[1, 0, 0, 1, 0, 0, 0, 0, 0, 0]
920:[1, 0, 0, 1, 0, 0, 0, 0, 0, 0]
922:[0, 0, 1, 0, 0, 0, 0, 0, 0, 0]
927:[1, 0, 0, 1, 0, 0, 0, 0, 0, 0]
927:[1, 0, 0, 1, 0, 0, 0, 0, 0, 0]
927:[1, 0, 0, 1, 0, 0, 0, 0, 0, 0]
936:[0, 0, 0, 1, 0, 0, 0, 0, 0, 0]
939:[1, 0, 0, 1, 0, 0, 0, 0, 0, 0]
939:[1, 0, 0, 1, 0, 0, 0, 0, 0, 0]
939:[1, 0, 0, 1, 0, 0, 0, 0, 0, 0]
948:[0, 0, 0, 1, 0, 0, 0, 0, 0, 0]
959:[1, 0, 0, 0, 0, 0, 0, 0, 0, 0]
1016:[0, 0, 0, 0, 1, 0, 0, 0, 0, 0]
1068:[1, 0, 0, 0, 0, 0, 0, 0, 0, 0]
1068:[1, 0, 0, 0, 0, 0, 0, 0, 0, 0]
1075:[1, 0, 0, 0, 0, 0, 0, 0, 0, 0]
1085:[1, 0, 0, 0, 0, 0, 0, 0, 0, 0]
1085:[1, 0, 0, 0, 0, 0, 0, 0, 0, 0]
1091:[1, 1, 0, 0, 0, 0, 0, 0, 0, 0]
1091:[1, 1, 0, 0, 0, 0, 0, 0, 0, 0]
1124:[1, 0, 0, 0, 0, 0, 0, 0, 0, 0]
1140:[0, 0, 0, 0, 0, 0, 0, 0, 1, 0]
1168:[0, 0, 1, 0, 0, 0, 0, 0, 0, 0]
1173:[0, 1, 0, 0, 0, 0, 0, 0, 0, 0]
1174:[1, 0, 0, 0, 0, 0, 0, 0, 0, 0]
1181:[0, 0, 1, 0, 0, 0, 0, 0, 0, 0]
1189:[0, 0, 1, 0, 0, 0, 0, 0, 0, 0]
1196:[0, 0, 1, 0, 0, 0, 0, 0, 0, 0]
1200:[1, 0, 0, 0, 0, 0, 0, 0, 0, 0]
1209:[1, 0, 0, 0, 0, 0, 0, 0, 0, 0]
1221:[1, 0, 0, 0, 0, 0, 0, 0, 0, 0]
1222:[0, 0, 1, 0, 0, 0, 0, 0, 0, 0]
1224:[0, 1, 0, 0, 0, 0, 0, 0, 0, 0]
1225:[1, 0, 0, 0, 0, 0, 0, 0, 0, 0]
1227:[0, 0, 1, 0, 0, 0, 0, 0, 0, 0]
1240:[0, 0, 1, 0, 0, 0, 0, 0, 0, 0]
1253:[1, 0, 0, 0, 0, 0, 0, 0, 0, 0]
1253:[1, 0, 0, 0, 0, 0, 0, 0, 0, 0]
1258:[0, 0, 1, 0, 0, 0, 0, 0, 0, 0]
1297:[1, 0, 0, 0, 0, 0, 0, 0, 0, 0]
1302:[0, 0, 1, 0, 0, 0, 0, 0, 0, 0]
1321:[0, 0, 1, 0, 0, 0, 0, 0, 0, 0]
1323:[0, 0, 0, 1, 0, 0, 0, 0, 0, 0]
1336:[1, 0, 0, 0, 0, 0, 0, 0, 0, 0]
1339:[0, 0, 1, 0, 0, 0, 0, 0, 0, 0]
1342:[1, 0, 0, 0, 0, 0, 0, 0, 0, 0]
1350:[0, 0, 1, 0, 0, 0, 0, 0, 0, 0]
1351:[0, 0, 0, 1, 0, 0, 0, 0, 0, 0]
1354:[1, 0, 0, 0, 0, 0, 0, 0, 0, 0]
1362:[0, 0, 1, 0, 0, 0, 0, 0, 0, 0]
1368:[1, 0, 0, 0, 0, 0, 0, 0, 0, 0]
1379:[0, 0, 0, 1, 0, 0, 0, 0, 0, 0]
1393:[1, 0, 0, 0, 0, 0, 0, 0, 0, 0]
1395:[0, 0, 1, 0, 0, 0, 0, 0, 0, 0]
1399:[1, 0, 0, 0, 0, 0, 0, 0, 0, 0]
1402:[0, 0, 1, 0, 0, 0, 0, 0, 0, 0]
1403:[0, 0, 0, 1, 0, 0, 0, 0, 0, 0]
1406:[1, 0, 0, 0, 0, 0, 0, 0, 0, 0]
1409:[0, 0, 1, 0, 0, 0, 0, 0, 0, 0]
1417:[1, 0, 0, 0, 0, 0, 0, 0, 0, 0]
1419:[0, 0, 1, 0, 0, 0, 0, 0, 0, 0]
1426:[1, 0, 0, 0, 0, 0, 0, 0, 0, 0]
1431:[0, 0, 1, 0, 0, 0, 0, 0, 0, 0]
1432:[0, 0, 0, 1, 0, 0, 0, 0, 0, 0]
1436:[1, 0, 0, 0, 0, 0, 0, 0, 0, 0]
1461:[0, 0, 0, 1, 0, 0, 0, 0, 0, 0]
1467:[0, 0, 1, 0, 0, 0, 0, 0, 0, 0]
1475:[0, 0, 1, 0, 0, 0, 0, 0, 0, 0]
1482:[0, 0, 0, 1, 0, 0, 0, 0, 0, 0]
1492:[0, 0, 1, 0, 0, 0, 0, 0, 0, 0]
1502:[0, 0, 1, 0, 0, 0, 0, 0, 0, 0]
1506:[1, 0, 0, 0, 0, 0, 0, 0, 0, 0]
1512:[1, 0, 0, 0, 0, 0, 0, 0, 0, 0]
1515:[0, 0, 1, 0, 0, 0, 0, 0, 0, 0]
1526:[0, 1, 0, 0, 0, 0, 0, 0, 0, 0]
1528:[0, 0, 1, 0, 0, 0, 0, 0, 0, 0]
1533:[1, 1, 0, 0, 0, 0, 0, 0, 0, 0]
1533:[1, 1, 0, 0, 0, 0, 0, 0, 0, 0]
1540:[0, 0, 0, 1, 0, 0, 0, 0, 0, 0]
1552:[1, 0, 0, 0, 0, 0, 0, 0, 0, 0]
1553:[0, 0, 0, 1, 0, 0, 0, 0, 0, 0]
1558:[1, 0, 0, 0, 0, 0, 0, 0, 0, 0]
1575:[1, 0, 0, 0, 0, 0, 0, 0, 0, 0]
1576:[0, 0, 0, 1, 0, 0, 0, 0, 0, 0]
1579:[1, 0, 0, 0, 0, 0, 0, 0, 0, 0]
1584:[0, 0, 0, 1, 0, 0, 0, 0, 0, 0]
1587:[0, 0, 0, 1, 0, 0, 0, 0, 0, 0]
1589:[0, 0, 0, 0, 0, 1, 0, 0, 0, 0]
1595:[0, 0, 0, 1, 0, 0, 0, 0, 0, 0]
1607:[0, 0, 0, 0, 0, 0, 0, 1, 0, 0]
1616:[0, 0, 0, 0, 0, 0, 0, 1, 0, 0]
1622:[1, 0, 0, 0, 1, 0, 0, 0, 0, 0]
1622:[1, 0, 0, 0, 1, 0, 0, 0, 0, 0]
1629:[0, 0, 0, 0, 1, 0, 0, 0, 0, 0]
1648:[0, 0, 0, 1, 0, 0, 0, 0, 0, 0]
1657:[1, 0, 0, 0, 0, 0, 0, 0, 0, 0]
1658:[1, 0, 0, 0, 0, 0, 0, 0, 0, 0]
1663:[1, 0, 0, 0, 0, 0, 0, 0, 0, 0]
1684:[0, 1, 0, 0, 0, 0, 0, 0, 0, 0]
1689:[0, 1, 0, 0, 0, 0, 0, 0, 0, 0]
1691:[0, 1, 0, 0, 0, 0, 0, 0, 0, 0]
1694:[0, 1, 0, 0, 0, 0, 0, 0, 0, 0]
1713:[0, 1, 0, 0, 0, 0, 0, 0, 0, 0]
1719:[1, 1, 0, 0, 0, 0, 0, 0, 0, 0]
1719:[1, 1, 0, 0, 0, 0, 0, 0, 0, 0]
1720:[0, 1, 0, 0, 0, 0, 0, 0, 0, 0]
1724:[0, 1, 0, 0, 0, 0, 0, 0, 0, 0]
1727:[0, 1, 0, 0, 0, 0, 0, 0, 0, 0]
1729:[0, 1, 0, 0, 0, 0, 0, 0, 0, 0]
1730:[0, 1, 0, 0, 0, 0, 0, 0, 0, 0]
1731:[1, 1, 0, 0, 0, 0, 0, 0, 0, 0]
1731:[1, 1, 0, 0, 0, 0, 0, 0, 0, 0]
1732:[1, 0, 0, 1, 0, 0, 0, 0, 0, 0]
1732:[1, 0, 0, 1, 0, 0, 0, 0, 0, 0]
1734:[0, 0, 0, 1, 0, 0, 0, 0, 0, 0]
1736:[0, 0, 0, 1, 0, 0, 0, 0, 0, 0]
1740:[1, 0, 0, 1, 0, 0, 0, 0, 0, 0]
1740:[1, 0, 0, 1, 0, 0, 0, 0, 0, 0]
1745:[0, 0, 0, 1, 0, 0, 0, 0, 0, 0]
1752:[1, 0, 0, 0, 0, 0, 0, 0, 0, 0]
1768:[0, 1, 0, 0, 0, 0, 0, 0, 0, 0]
1769:[0, 0, 0, 0, 0, 1, 0, 0, 0, 0]
1770:[0, 1, 0, 0, 0, 0, 0, 0, 0, 0]
1772:[0, 0, 0, 0, 0, 1, 0, 0, 0, 0]
1773:[0, 1, 0, 0, 0, 0, 0, 0, 0, 0]
1777:[0, 1, 0, 0, 0, 0, 0, 0, 0, 0]
1779:[0, 1, 0, 0, 0, 0, 0, 0, 0, 0]
1782:[0, 1, 0, 0, 0, 0, 0, 0, 0, 0]
1784:[1, 1, 0, 0, 0, 0, 0, 0, 0, 0]
1784:[1, 1, 0, 0, 0, 0, 0, 0, 0, 0]
1786:[0, 0, 0, 0, 0, 0, 0, 0, 0, 1]
1788:[0, 0, 0, 1, 0, 0, 0, 0, 0, 0]
1789:[0, 0, 0, 0, 0, 0, 0, 0, 0, 1]
1790:[1, 0, 0, 0, 0, 0, 0, 0, 0, 0]
1797:[0, 0, 0, 1, 0, 0, 0, 0, 0, 0]
1802:[1, 0, 0, 0, 0, 0, 0, 0, 0, 0]
1804:[0, 0, 0, 0, 0, 0, 0, 0, 0, 1]
1806:[0, 0, 0, 1, 0, 0, 0, 0, 0, 0]
1808:[1, 0, 0, 0, 0, 0, 0, 0, 0, 0]
1809:[0, 0, 0, 0, 0, 0, 0, 0, 0, 1]
1812:[0, 0, 0, 1, 0, 0, 0, 0, 0, 0]
1813:[1, 0, 0, 0, 0, 0, 0, 0, 0, 0]
1817:[1, 0, 0, 0, 0, 0, 0, 0, 0, 0]
1822:[0, 0, 0, 0, 0, 1, 0, 0, 0, 0]
1828:[0, 0, 0, 0, 0, 0, 0, 0, 0, 1]
1831:[0, 0, 0, 0, 0, 0, 1, 0, 0, 0]
1833:[0, 0, 0, 0, 0, 0, 1, 0, 0, 0]
1834:[0, 0, 0, 0, 0, 1, 0, 0, 0, 0]
1844:[0, 0, 0, 0, 0, 0, 0, 0, 0, 1]
1868:[0, 0, 0, 0, 1, 0, 0, 0, 0, 0]
1892:[0, 0, 0, 0, 0, 1, 0, 0, 0, 0]
1896:[0, 0, 0, 0, 1, 0, 0, 0, 0, 0]
1900:[0, 0, 0, 0, 0, 1, 0, 0, 0, 0]
1901:[0, 1, 0, 0, 0, 0, 0, 0, 0, 0]
1905:[0, 1, 0, 0, 0, 0, 1, 0, 0, 0]
1905:[0, 1, 0, 0, 0, 0, 1, 0, 0, 0]
1916:[0, 0, 0, 0, 0, 1, 0, 0, 0, 0]
1918:[0, 0, 0, 0, 0, 0, 1, 0, 0, 0]
1920:[0, 1, 0, 0, 0, 0, 0, 0, 0, 0]
1921:[0, 0, 0, 0, 0, 0, 1, 0, 0, 0]
1922:[0, 0, 0, 0, 0, 0, 1, 0, 0, 0]
1935:[0, 0, 0, 1, 0, 0, 0, 0, 0, 0]
1936:[0, 0, 0, 0, 0, 0, 1, 0, 0, 0]
1937:[0, 1, 0, 0, 0, 0, 0, 0, 1, 0]
1937:[0, 1, 0, 0, 0, 0, 0, 0, 1, 0]
1940:[0, 0, 0, 1, 0, 0, 0, 0, 0, 0]
1945:[0, 0, 0, 0, 0, 1, 0, 0, 0, 0]
1948:[0, 1, 0, 0, 0, 0, 0, 0, 1, 0]
1948:[0, 1, 0, 0, 0, 0, 0, 0, 1, 0]
1951:[0, 0, 0, 0, 0, 0, 1, 0, 0, 0]
1952:[0, 1, 0, 0, 0, 0, 0, 0, 0, 0]
1955:[0, 0, 0, 0, 0, 0, 1, 0, 0, 0]
1961:[0, 0, 0, 0, 0, 0, 1, 0, 0, 0]
1968:[0, 0, 0, 0, 0, 0, 0, 0, 0, 1]
1970:[0, 0, 0, 1, 0, 0, 0, 0, 0, 0]
1972:[0, 0, 0, 0, 0, 0, 0, 0, 0, 1]
1973:[0, 0, 0, 0, 0, 0, 1, 0, 0, 0]
1975:[0, 1, 0, 0, 0, 0, 0, 0, 0, 0]
1982:[0, 0, 0, 0, 0, 0, 1, 0, 0, 0]
1985:[0, 0, 0, 0, 0, 0, 1, 0, 0, 0]
1994:[0, 0, 0, 0, 0, 0, 1, 0, 0, 0]
1998:[0, 1, 0, 0, 0, 0, 0, 0, 0, 0]
2006:[0, 0, 0, 0, 1, 0, 0, 0, 0, 0]
2007:[0, 0, 0, 0, 0, 0, 1, 0, 0, 0]
2013:[0, 0, 0, 0, 0, 0, 1, 0, 0, 0]
2014:[0, 0, 0, 0, 1, 0, 0, 0, 0, 1]
2014:[0, 0, 0, 0, 1, 0, 0, 0, 0, 1]
2018:[0, 0, 0, 0, 0, 0, 0, 0, 0, 1]
2021:[0, 1, 0, 0, 0, 0, 0, 0, 0, 0]
2022:[0, 0, 0, 0, 0, 1, 0, 0, 0, 0]
2028:[0, 0, 0, 0, 0, 1, 0, 0, 0, 0]
2034:[0, 0, 0, 0, 1, 0, 1, 0, 0, 0]
2034:[0, 0, 0, 0, 1, 0, 1, 0, 0, 0]
2037:[0, 0, 0, 0, 0, 0, 1, 0, 0, 0]
2038:[0, 1, 0, 0, 0, 0, 0, 0, 0, 0]
2039:[0, 0, 0, 0, 1, 0, 1, 0, 0, 0]
2039:[0, 0, 0, 0, 1, 0, 1, 0, 0, 0]
2044:[0, 0, 0, 0, 0, 0, 1, 0, 0, 0]
2049:[0, 0, 0, 0, 1, 0, 0, 0, 0, 0]
2050:[0, 1, 0, 0, 0, 0, 0, 0, 0, 0]
2051:[0, 1, 0, 0, 0, 0, 0, 0, 0, 0]
2056:[0, 1, 0, 0, 0, 0, 0, 0, 0, 0]
2059:[0, 1, 0, 0, 0, 0, 0, 0, 0, 0]
2061:[0, 0, 0, 0, 0, 0, 1, 0, 0, 0]
2072:[0, 0, 0, 0, 0, 0, 1, 0, 0, 0]
2073:[0, 0, 0, 0, 0, 0, 1, 0, 0, 0]
2082:[0, 0, 0, 0, 0, 0, 1, 0, 0, 0]
2083:[0, 0, 0, 0, 0, 0, 0, 1, 0, 0]
2086:[0, 0, 0, 0, 0, 0, 0, 0, 0, 1]
2088:[0, 0, 0, 0, 0, 1, 0, 0, 0, 0]
2090:[0, 0, 0, 0, 0, 0, 1, 0, 0, 0]
2094:[0, 0, 0, 0, 0, 0, 0, 0, 0, 1]
2095:[0, 0, 0, 0, 0, 0, 1, 0, 0, 0]
2096:[0, 0, 0, 0, 0, 0, 1, 0, 0, 0]
2098:[0, 0, 0, 0, 0, 1, 0, 0, 0, 0]
2103:[0, 0, 0, 0, 0, 0, 0, 0, 0, 1]
2108:[0, 0, 0, 0, 0, 0, 1, 0, 0, 0]
2114:[0, 0, 0, 1, 0, 0, 0, 0, 0, 0]
2116:[0, 0, 0, 0, 0, 0, 1, 0, 0, 0]
2120:[0, 0, 0, 1, 0, 0, 0, 0, 0, 0]
2122:[0, 0, 0, 0, 1, 0, 1, 0, 0, 0]
2122:[0, 0, 0, 0, 1, 0, 1, 0, 0, 0]
2123:[0, 0, 0, 0, 0, 0, 0, 0, 0, 1]
2129:[0, 0, 0, 0, 0, 0, 1, 0, 0, 0]
2132:[0, 0, 0, 0, 0, 0, 1, 0, 0, 0]
2135:[0, 0, 0, 0, 1, 0, 0, 0, 0, 0]
2135:[0, 0, 0, 0, 1, 0, 0, 0, 0, 0]
2143:[0, 0, 0, 1, 0, 0, 0, 0, 0, 0]
2144:[0, 0, 0, 0, 0, 0, 0, 0, 1, 0]
2145:[0, 0, 0, 0, 0, 1, 0, 0, 0, 0]
2152:[0, 0, 0, 0, 0, 0, 1, 0, 0, 0]
2153:[0, 0, 0, 1, 0, 0, 0, 0, 0, 0]
2157:[0, 0, 0, 0, 0, 1, 0, 0, 0, 0]
2161:[0, 0, 0, 0, 0, 0, 0, 0, 1, 0]
2164:[0, 0, 0, 0, 0, 0, 1, 0, 0, 0]
2167:[0, 0, 0, 0, 0, 0, 1, 0, 0, 0]
2170:[0, 0, 0, 0, 0, 0, 1, 0, 0, 0]
2172:[0, 0, 0, 0, 0, 1, 0, 0, 0, 0]
2173:[0, 0, 0, 0, 0, 0, 1, 0, 0, 0]
2180:[0, 0, 0, 0, 0, 1, 0, 0, 0, 0]
2184:[0, 0, 0, 0, 0, 1, 0, 0, 0, 0]
2191:[0, 0, 0, 0, 0, 0, 1, 0, 0, 0]
2201:[0, 0, 0, 0, 0, 1, 0, 0, 0, 0]
2202:[0, 0, 0, 0, 0, 0, 0, 1, 0, 0]
2204:[0, 0, 0, 0, 0, 0, 1, 0, 0, 0]
2208:[0, 0, 0, 0, 0, 0, 0, 0, 0, 1]
2210:[0, 0, 0, 0, 0, 0, 1, 0, 0, 0]
2211:[0, 0, 0, 0, 0, 0, 1, 0, 0, 0]
2212:[0, 0, 0, 0, 0, 0, 1, 0, 0, 0]
2226:[0, 0, 0, 0, 0, 0, 0, 0, 0, 1]
2227:[0, 0, 0, 0, 0, 0, 1, 0, 0, 0]
2236:[0, 0, 0, 0, 0, 0, 0, 0, 0, 1]
2238:[0, 0, 0, 0, 0, 0, 1, 0, 0, 0]
2240:[0, 0, 0, 0, 0, 1, 0, 0, 0, 0]
2242:[0, 0, 0, 0, 0, 0, 1, 0, 0, 0]
2245:[0, 0, 0, 0, 0, 0, 1, 0, 0, 0]
2246:[0, 0, 0, 0, 0, 0, 0, 0, 0, 1]
2249:[0, 0, 0, 0, 0, 0, 1, 0, 0, 0]
2250:[0, 0, 0, 0, 0, 1, 0, 0, 0, 0]
2262:[0, 0, 0, 0, 0, 1, 0, 0, 0, 0]
2264:[0, 0, 0, 0, 0, 0, 0, 0, 1, 0]
2267:[0, 0, 0, 0, 0, 0, 1, 0, 0, 0]
2272:[0, 0, 0, 0, 0, 0, 1, 0, 0, 0]
2286:[0, 0, 0, 0, 0, 0, 0, 0, 1, 0]
2288:[0, 0, 0, 1, 0, 0, 0, 0, 0, 0]
2291:[0, 0, 0, 0, 0, 0, 0, 0, 0, 1]
2292:[0, 0, 0, 0, 0, 0, 1, 0, 0, 0]
2293:[0, 0, 0, 1, 0, 0, 0, 0, 0, 0]
2295:[0, 0, 0, 0, 0, 0, 1, 0, 0, 0]
2301:[0, 0, 0, 0, 0, 0, 1, 0, 0, 0]
2306:[0, 0, 0, 0, 0, 0, 1, 0, 0, 0]
2326:[0, 0, 0, 0, 0, 0, 1, 0, 0, 0]
2341:[0, 0, 0, 0, 0, 0, 1, 0, 0, 0]
2346:[0, 0, 0, 0, 0, 0, 1, 0, 0, 0]
2357:[0, 1, 0, 0, 1, 0, 0, 0, 0, 0]
2357:[0, 1, 0, 0, 1, 0, 0, 0, 0, 0]
2359:[0, 0, 0, 0, 0, 0, 1, 0, 0, 0]
2386:[0, 0, 0, 0, 0, 1, 0, 0, 0, 0]
2392:[0, 0, 0, 0, 0, 0, 0, 0, 0, 1]
2411:[0, 0, 0, 0, 0, 0, 0, 0, 1, 0]
2411:[0, 0, 0, 0, 0, 0, 0, 0, 1, 0]
2430:[0, 0, 0, 0, 0, 0, 0, 0, 0, 1]
2447:[0, 0, 0, 0, 1, 0, 1, 0, 0, 0]
2447:[0, 0, 0, 0, 1, 0, 1, 0, 0, 0]
2449:[0, 0, 0, 0, 0, 1, 0, 0, 0, 0]
2450:[0, 0, 0, 0, 1, 0, 0, 0, 0, 0]
2450:[0, 0, 0, 0, 1, 0, 0, 0, 0, 0]
2484:[0, 0, 0, 0, 0, 1, 0, 0, 0, 0]
2487:[0, 0, 0, 0, 1, 0, 0, 0, 0, 0]
2496:[0, 0, 0, 0, 0, 0, 0, 0, 0, 1]
2499:[0, 0, 0, 0, 0, 0, 0, 0, 0, 1]
2503:[1, 0, 0, 0, 0, 0, 0, 0, 0, 0]
2504:[0, 0, 0, 0, 0, 1, 0, 0, 0, 0]
2507:[0, 0, 0, 0, 0, 1, 0, 0, 0, 0]
2509:[1, 0, 0, 0, 0, 0, 0, 0, 0, 0]
2519:[0, 0, 0, 0, 0, 0, 0, 0, 0, 1]
2519:[0, 0, 0, 0, 0, 0, 0, 0, 0, 1]
2522:[0, 0, 0, 0, 0, 0, 0, 0, 0, 1]
2523:[0, 0, 0, 0, 1, 0, 0, 0, 1, 0]
2523:[0, 0, 0, 0, 1, 0, 0, 0, 1, 0]
2527:[0, 0, 0, 0, 0, 0, 0, 0, 0, 1]
2534:[0, 0, 0, 0, 0, 1, 0, 0, 0, 0]
2543:[0, 0, 0, 0, 0, 1, 0, 0, 0, 0]
2559:[0, 0, 0, 0, 0, 0, 0, 1, 0, 0]
2571:[1, 0, 0, 0, 0, 0, 0, 0, 0, 0]
2578:[0, 0, 0, 0, 0, 1, 0, 0, 0, 0]
2586:[0, 0, 0, 0, 0, 1, 0, 0, 0, 0]
2594:[0, 1, 0, 0, 0, 0, 0, 0, 0, 0]
2595:[0, 0, 0, 0, 0, 1, 0, 0, 0, 0]
2596:[1, 1, 0, 0, 0, 0, 0, 0, 0, 0]
2596:[1, 1, 0, 0, 0, 0, 0, 0, 0, 0]
2599:[0, 0, 0, 0, 1, 1, 0, 0, 0, 0]
2599:[0, 0, 0, 0, 1, 1, 0, 0, 0, 0]
2602:[0, 0, 0, 1, 0, 0, 0, 0, 0, 0]
2604:[0, 1, 0, 0, 0, 0, 0, 0, 0, 0]
2614:[0, 0, 0, 0, 0, 0, 0, 1, 0, 0]
2615:[1, 0, 0, 0, 0, 0, 0, 0, 0, 0]
2623:[0, 0, 0, 0, 0, 0, 0, 0, 1, 0]
2625:[1, 0, 0, 0, 0, 0, 0, 0, 0, 0]
2632:[0, 0, 0, 1, 0, 0, 0, 0, 0, 0]
2633:[0, 0, 0, 0, 0, 1, 0, 0, 0, 0]
2634:[0, 0, 0, 1, 0, 0, 0, 0, 0, 0]
2635:[1, 0, 0, 1, 0, 0, 0, 0, 0, 0]
2635:[1, 0, 0, 1, 0, 0, 0, 0, 0, 0]
2640:[0, 0, 0, 0, 0, 1, 0, 0, 0, 0]
2641:[0, 0, 0, 1, 0, 0, 0, 0, 0, 0]
2647:[0, 0, 0, 1, 0, 0, 0, 0, 0, 0]
2648:[0, 0, 0, 0, 0, 0, 0, 1, 0, 0]
2649:[0, 0, 0, 0, 0, 1, 0, 0, 0, 0]
2652:[0, 0, 0, 0, 0, 0, 0, 1, 0, 0]
2653:[0, 0, 0, 1, 0, 0, 0, 0, 0, 0]
2655:[0, 0, 0, 0, 0, 1, 0, 0, 0, 0]
2656:[0, 0, 0, 0, 0, 0, 0, 1, 0, 0]
2661:[0, 0, 0, 1, 0, 0, 0, 0, 0, 0]
2662:[1, 0, 0, 0, 0, 0, 0, 1, 0, 0]
2662:[1, 0, 0, 0, 0, 0, 0, 1, 0, 0]
2663:[0, 1, 0, 0, 0, 0, 0, 0, 0, 0]
2666:[0, 1, 0, 0, 0, 0, 0, 0, 0, 0]
2673:[0, 1, 0, 0, 0, 0, 0, 0, 0, 0]
2681:[0, 1, 0, 0, 0, 0, 0, 0, 0, 0]
2683:[0, 1, 0, 0, 0, 0, 0, 0, 0, 0]
2684:[0, 0, 0, 1, 0, 0, 0, 0, 0, 0]
2685:[0, 0, 0, 0, 0, 0, 0, 0, 1, 0]
2687:[0, 1, 0, 0, 1, 0, 0, 0, 0, 0]
2687:[0, 1, 0, 0, 1, 0, 0, 0, 0, 0]
2688:[0, 1, 0, 0, 1, 0, 0, 0, 0, 0]
2688:[0, 1, 0, 0, 1, 0, 0, 0, 0, 0]
2690:[0, 1, 0, 0, 1, 0, 0, 0, 0, 0]
2690:[0, 1, 0, 0, 1, 0, 0, 0, 0, 0]
2694:[0, 1, 0, 0, 1, 0, 0, 0, 0, 0]
2694:[0, 1, 0, 0, 1, 0, 0, 0, 0, 0]
2696:[0, 1, 0, 0, 1, 0, 0, 0, 0, 0]
2696:[0, 1, 0, 0, 1, 0, 0, 0, 0, 0]
2697:[0, 1, 0, 0, 0, 0, 0, 0, 0, 0]
2701:[0, 1, 0, 0, 0, 0, 0, 0, 0, 0]
2703:[0, 0, 0, 0, 0, 0, 0, 0, 0, 1]
2704:[0, 1, 0, 0, 0, 0, 0, 0, 0, 0]
2706:[0, 1, 0, 0, 0, 0, 0, 0, 0, 0]
2716:[0, 0, 0, 1, 0, 0, 0, 0, 0, 0]
2719:[0, 0, 0, 0, 1, 0, 0, 0, 0, 0]
2724:[0, 0, 0, 0, 1, 0, 0, 0, 0, 0]
2729:[0, 0, 0, 0, 0, 1, 0, 0, 0, 0]
2735:[0, 0, 0, 0, 1, 0, 0, 0, 0, 0]
2738:[0, 0, 0, 0, 1, 0, 0, 0, 0, 0]
2746:[0, 0, 0, 0, 1, 0, 0, 0, 0, 0]
2756:[0, 1, 0, 0, 0, 0, 0, 0, 0, 0]
2757:[0, 0, 0, 1, 0, 0, 0, 0, 0, 0]
2759:[0, 1, 0, 0, 0, 0, 0, 0, 0, 0]
2763:[0, 0, 0, 1, 0, 0, 0, 0, 0, 0]
2764:[0, 1, 0, 0, 0, 0, 0, 0, 0, 0]
2771:[0, 1, 0, 0, 0, 0, 0, 0, 0, 0]
2798:[0, 1, 0, 0, 0, 0, 0, 0, 0, 0]
2803:[0, 1, 0, 0, 0, 0, 0, 0, 0, 0]
2806:[0, 0, 0, 0, 0, 0, 0, 0, 0, 1]
2807:[0, 1, 0, 0, 0, 0, 0, 0, 0, 0]
2808:[0, 0, 0, 0, 1, 0, 0, 0, 0, 0]
2810:[0, 1, 0, 0, 0, 0, 0, 0, 0, 0]
2812:[0, 0, 0, 0, 0, 1, 0, 0, 0, 0]
2817:[0, 0, 0, 0, 1, 1, 0, 0, 0, 0]
2817:[0, 0, 0, 0, 1, 1, 0, 0, 0, 0]
2818:[0, 0, 0, 0, 0, 1, 0, 0, 0, 0]
2823:[0, 0, 0, 0, 0, 1, 0, 0, 0, 0]
2828:[0, 0, 0, 0, 0, 1, 0, 0, 0, 0]
2829:[0, 1, 0, 0, 0, 0, 0, 0, 0, 0]
2833:[0, 1, 0, 0, 0, 1, 0, 0, 1, 0]
2833:[0, 1, 0, 0, 0, 1, 0, 0, 1, 0]
2833:[0, 1, 0, 0, 0, 1, 0, 0, 1, 0]
2839:[0, 1, 0, 0, 0, 0, 0, 0, 1, 0]
2839:[0, 1, 0, 0, 0, 0, 0, 0, 1, 0]
2842:[0, 1, 0, 0, 0, 0, 0, 0, 0, 0]
2863:[0, 1, 0, 0, 0, 0, 0, 0, 0, 0]
2863:[0, 1, 0, 0, 0, 0, 0, 0, 0, 0]
2865:[0, 0, 0, 0, 0, 1, 0, 0, 0, 0]
2868:[0, 0, 0, 0, 0, 1, 0, 0, 0, 0]
2873:[0, 1, 0, 0, 0, 0, 0, 0, 0, 0]
2877:[0, 0, 0, 1, 0, 0, 0, 0, 0, 0]
2882:[0, 0, 0, 1, 0, 0, 0, 0, 0, 0]
2883:[0, 1, 0, 0, 0, 1, 0, 0, 0, 0]
2883:[0, 1, 0, 0, 0, 1, 0, 0, 0, 0]
2885:[0, 1, 0, 0, 0, 0, 0, 0, 0, 0]
2886:[0, 0, 0, 0, 1, 0, 0, 0, 0, 0]
2887:[0, 1, 0, 0, 0, 0, 0, 0, 0, 0]
2892:[0, 0, 0, 0, 0, 0, 0, 0, 1, 0]
2893:[0, 0, 0, 0, 1, 0, 0, 0, 0, 0]
2898:[0, 1, 0, 0, 0, 0, 0, 0, 0, 0]
2900:[0, 1, 0, 0, 0, 0, 0, 0, 0, 0]
2901:[0, 0, 0, 1, 0, 0, 0, 0, 0, 0]
2903:[0, 1, 0, 0, 0, 0, 0, 0, 0, 0]
2911:[0, 1, 0, 0, 0, 0, 0, 0, 0, 0]
2917:[0, 0, 0, 0, 0, 0, 0, 0, 0, 1]
2919:[0, 0, 0, 0, 1, 0, 0, 0, 0, 0]
2937:[0, 0, 0, 0, 1, 1, 0, 0, 1, 0]
2937:[0, 0, 0, 0, 1, 1, 0, 0, 1, 0]
2937:[0, 0, 0, 0, 1, 1, 0, 0, 1, 0]
2943:[0, 1, 0, 0, 0, 0, 0, 0, 0, 0]
2945:[0, 0, 0, 0, 0, 1, 0, 0, 0, 0]
2951:[0, 0, 0, 1, 0, 0, 0, 0, 0, 0]
2957:[0, 0, 0, 0, 1, 0, 0, 0, 0, 0]
2960:[0, 0, 0, 0, 1, 0, 0, 0, 0, 0]
2961:[0, 1, 0, 0, 0, 0, 0, 0, 0, 0]
2964:[0, 1, 0, 0, 0, 0, 0, 0, 0, 0]
2966:[0, 0, 0, 0, 1, 0, 0, 0, 0, 0]
2983:[0, 0, 0, 1, 0, 0, 0, 0, 0, 0]
2991:[0, 0, 0, 1, 0, 0, 0, 0, 0, 0]
3009:[0, 0, 0, 0, 1, 0, 0, 0, 0, 0]
3010:[1, 0, 0, 0, 0, 0, 0, 0, 0, 0]
3013:[0, 0, 0, 0, 1, 1, 0, 0, 0, 0]
3013:[0, 0, 0, 0, 1, 1, 0, 0, 0, 0]
3013:[0, 0, 0, 0, 1, 1, 0, 0, 0, 0]
3020:[0, 0, 0, 0, 0, 1, 0, 0, 0, 0]
3039:[0, 1, 0, 0, 0, 0, 0, 0, 0, 0]
3044:[0, 1, 0, 0, 1, 0, 0, 0, 0, 0]
3044:[0, 1, 0, 0, 1, 0, 0, 0, 0, 0]
3046:[1, 1, 0, 0, 0, 0, 0, 0, 0, 0]
3046:[1, 1, 0, 0, 0, 0, 0, 0, 0, 0]
3047:[0, 0, 0, 0, 0, 1, 0, 0, 0, 0]
3052:[0, 0, 0, 0, 0, 1, 0, 0, 0, 0]
3055:[0, 0, 0, 0, 0, 1, 0, 0, 0, 0]
3058:[1, 0, 0, 0, 0, 0, 0, 0, 0, 0]
3060:[0, 1, 0, 0, 0, 0, 0, 0, 0, 0]
3061:[0, 1, 0, 0, 0, 0, 0, 0, 0, 0]
3073:[1, 0, 0, 0, 0, 0, 0, 0, 0, 0]
3078:[1, 0, 0, 0, 0, 0, 0, 0, 0, 0]
3102:[0, 0, 0, 0, 0, 0, 0, 0, 0, 1]
3169:[1, 1, 0, 0, 0, 1, 0, 0, 0, 0]
3169:[1, 1, 0, 0, 0, 1, 0, 0, 0, 0]
3169:[1, 1, 0, 0, 0, 1, 0, 0, 0, 0]
3181:[0, 0, 0, 0, 0, 1, 0, 0, 0, 0]
3184:[0, 0, 0, 0, 0, 0, 0, 1, 0, 0]
3186:[0, 0, 0, 0, 0, 1, 0, 0, 0, 0]
3186:[0, 0, 0, 0, 0, 1, 0, 0, 0, 0]
3198:[0, 0, 0, 0, 0, 0, 0, 1, 0, 0]
